Line Group.1 Group.2 x weekmax weekmin e abnm
1 1 2000 9.53508259866667 12.16022985 8.340899305 NA -10.941083814866
2 2 2000 24.0484192071429 33.86515724 14.52305937 NA -9.43112691052636
3 3 2000 46.9353458914286 57.58386445 37.12718314 NA -7.84598831095843
4 4 2000 79.9646960228571 102.0564293 61.9264553 NA -8.19979835871396
5 5 2000 147.896671328571 185.9401253 112.3655423 NA -8.89802092664248
6 6 2000 256.654341142857 319.3251406 201.5153849 NA -9.10051284209424
7 7 2000 445.625821614286 566.2872955 344.9380091 NA -8.83956518450923
8 8 2000 769.961734357143 950.3846774 610.3652568 NA -8.88757135977454
9 9 2000 1303.475422 1627.067096 1020.0546 NA -7.59373139052069
10 10 2000 2216.85752057143 2716.809288 1760.414123 NA -6.80586394175153
11 11 2000 3649.01761328571 4500.130551 2909.836196 NA -6.49854858828869
12 12 2000 6171.38169885714 7569.835796 4881.714552 NA -5.97454467651
13 13 2000 10234.6849637143 12630.57234 8120.8237 NA -6.8261287186488
14 14 2000 17171.1717728571 20980.76415 13606.3066 NA -8.24072973631662
15 15 2000 27403.5550271429 32993.33068 22378.09353 NA -9.24831082306187
16 16 2000 44511.9719557143 54178.29296 35448.32677 NA -8.95585755329266
17 17 2000 71981.1138814286 87138.42579 57906.26194 NA -8.46015389596646
18 18 2000 109196.440922857 126043.9225 92414.23611 NA -8.34711086257474
19 19 2000 152979.296871429 175243.8007 132199.4933 NA -8.03377977108557
20 20 2000 211062.930471429 240425.6711 183494.7533 NA -7.76864984360767
21 21 2000 286380.880528571 323394.3267 251183.4446 NA -6.8953878429638
22 22 2000 379452.450871429 424346.5334 336691.4348 NA -6.04731342197557
23 23 2000 477985.499014286 504126.2991 441874.2315 NA -6.43166611035905
24 24 2000 528025.943028571 547140.3855 509999.2037 NA -7.49117192178424
25 25 2000 575277.511242857 596885.4246 557444.7998 NA -8.17761424444316
26 26 2000 639185.261857143 669083.5002 605213.0135 NA -7.24591263980614
27 27 2000 676131.108071429 696286.376 664840.0607 NA -6.39541666654598
28 28 2000 720269.209942857 726099.9276 706628.9661 NA -6.24296995946827
29 29 2000 748687.2815 770605.6662 731139.7869 NA -6.06898376362642
30 30 2000 788190.8372 792690.1002 780135.5298 NA -5.7940171667959
31 31 2000 803981.145042857 820623.8034 791995.4449 NA -5.29066532601678
32 32 2000 833907.474457143 853214.2707 818421.858 NA -4.74210366383185
33 33 2000 856240.506842857 860794.2475 852336.7187 NA -4.19636380020464
34 34 2000 838711.133185714 851057.183 821194.4816 NA -3.91710635829125
35 35 2000 797659.427171429 811161.48 792011.5997 NA -3.77328701051905
36 36 2000 798970.100885714 801483.492 797071.6383 NA -3.36693734158444
37 37 2000 798843.885342857 806763.2138 793300.8695 NA -3.30388292332109
38 38 2000 791532.0394 805294.8558 775672.6698 NA -3.18690574857052
39 39 2000 753402.452328571 771025.399 737699.4097 NA -3.38206453572554
40 40 2000 781906.337442857 842941.6115 742482.7983 NA -3.63295572832692
41 41 2000 958231.261528571 1050000 869308.6788 NA -3.38067929187934
42 42 2000 1175714.28571429 1270000 1080000 NA -2.55488697948475
43 43 2000 1390000 1480000 1300000 NA -1.90759422044146
44 44 2000 1588571.42857143 1640000 1510000 NA -1.50698837517239
45 45 2000 1630000 1630000 1630000 NA -1.79279054015889
46 46 2000 1652857.14285714 1670000 1640000 NA -2.13690193844191
47 47 2000 1702857.14285714 1720000 1680000 NA -2.28781842581019
48 48 2000 1777142.85714286 1820000 1730000 NA -2.83385719680487
49 49 2000 1890000 1950000 1830000 NA -2.96616963499201
50 50 2000 2008571.42857143 2060000 1970000 NA -2.98696953177896
51 51 2000 2130000 2180000 2080000 NA -3.41771940169314
52 52 2000 2274285.71428571 2370000 2190000 NA -3.93105321864588
53 53 2000 2456666.66666667 2500000 2410000 NA -2.43815553493714
54 1 2001 2643333.33333333 2760000 2540000 NA -1.54383061777749
55 2 2001 2987142.85714286 3130000 2820000 NA -1.01177139046139
56 3 2001 3248571.42857143 3350000 3160000 NA -0.669576665044047
57 4 2001 3411428.57142857 3470000 3360000 NA -0.523448467659814
58 5 2001 3534285.71428571 3570000 3500000 NA -0.572659002988682
59 6 2001 3515714.28571429 3580000 3460000 NA -0.949692026417297
60 7 2001 3395714.28571429 3440000 3360000 NA -1.3725971882888
61 8 2001 3352857.14285714 3360000 3350000 NA -1.60847065874847
62 9 2001 3395714.28571429 3410000 3370000 NA -1.40691153115834
63 10 2001 3415714.28571429 3430000 3400000 NA -1.22673246756757
64 11 2001 3347142.85714286 3390000 3310000 NA -1.33831778803992
65 12 2001 3304285.71428571 3310000 3300000 NA -1.31510027418653
66 13 2001 3341428.57142857 3360000 3310000 NA -1.30798309808007
67 14 2001 3344285.71428571 3360000 3340000 NA -1.27038675952446
68 15 2001 3318571.42857143 3370000 3260000 NA -1.21544464046735
69 16 2001 3262857.14285714 3280000 3240000 NA -1.0827537874414
70 17 2001 3238571.42857143 3250000 3220000 NA -0.878800926312679
71 18 2001 3120000 3210000 3e+06 NA -0.784568715933875
72 19 2001 2840000 2960000 2730000 NA -1.03335266192921
73 20 2001 2618571.42857143 2700000 2540000 NA -1.3236692700678
74 21 2001 2460000 2520000 2400000 NA -1.43238249307967
75 22 2001 2345714.28571429 2390000 2310000 NA -1.44642295041311
76 23 2001 2257142.85714286 2300000 2190000 NA -1.61604951217258
77 24 2001 2082857.14285714 2160000 2010000 NA -2.08186443745509
78 25 2001 1931428.57142857 1980000 1880000 NA -2.42549734628613
79 26 2001 1804285.71428571 1870000 1740000 NA -2.22623138643403
80 27 2001 1702857.14285714 1730000 1670000 NA -1.98923193489832
81 28 2001 1604285.71428571 1640000 1580000 NA -1.98550595532401
82 29 2001 1530000 1570000 1510000 NA -1.92530025506821
83 30 2001 1485714.28571429 1510000 1460000 NA -1.80998104452542
84 31 2001 1407142.85714286 1450000 1360000 NA -1.76754335042607
85 32 2001 1361428.57142857 1380000 1350000 NA -1.48104682966758
86 33 2001 1402857.14285714 1410000 1390000 NA -0.750189081455315
87 34 2001 1391428.57142857 1420000 1370000 NA -0.477916687676458
88 35 2001 1338571.42857143 1370000 1300000 NA -0.470066651382459
89 36 2001 1290000 1300000 1280000 NA -0.468287765242116
90 37 2001 1314285.71428571 1330000 1300000 NA -0.130380532333351
91 38 2001 1301428.57142857 1330000 1290000 NA -0.0763819561371927
92 39 2001 1314285.71428571 1330000 1300000 NA -0.0261454059370082
93 40 2001 1430000 1530000 1340000 NA 0.217688319982749
94 41 2001 1680000 1790000 1570000 NA 0.499666887464772
95 42 2001 1931428.57142857 2030000 1830000 NA 0.614667249582206
96 43 2001 2150000 2240000 2060000 NA 0.63774100081445
97 44 2001 2308571.42857143 2340000 2260000 NA 0.619823747785447
98 45 2001 2284285.71428571 2290000 2260000 NA 0.466624666328178
99 46 2001 2227142.85714286 2250000 2210000 NA 0.100167278364465
100 47 2001 2194285.71428571 2210000 2170000 NA -0.282247723645898
101 48 2001 2185714.28571429 2200000 2170000 NA -0.778940911813774
102 49 2001 2211428.57142857 2240000 2200000 NA -1.24060326938829
103 50 2001 2297142.85714286 2350000 2250000 NA -1.42217115311703
104 51 2001 2450000 2560000 2370000 NA -1.46444377785291
105 52 2001 2768571.42857143 2940000 2620000 NA -0.52468093931838
106 53 2001 3065000 3110000 3020000 NA 0.520724788607736
107 1 2002 3405000 3610000 3180000 NA 1.16396270031156
108 2 2002 3761428.57142857 3810000 3670000 NA 1.17059466864569
109 3 2002 3744285.71428571 3800000 3660000 NA 0.425520441493036
110 4 2002 3625714.28571429 3680000 3590000 NA -0.0412543828145394
111 5 2002 3737142.85714286 3780000 3700000 NA -0.0947888065671763
112 6 2002 3784285.71428571 3830000 3710000 NA -0.32699142238782
113 7 2002 3607142.85714286 3690000 3530000 NA -0.907617672825759
114 8 2002 3454285.71428571 3500000 3410000 NA -1.38821720306643
115 9 2002 3357142.85714286 3390000 3320000 NA -1.47721371130876
116 10 2002 3302857.14285714 3310000 3290000 NA -1.41118986091441
117 11 2002 3454285.71428571 3540000 3340000 NA -1.17295727057205
118 12 2002 3592857.14285714 3620000 3560000 NA -0.907418067950513
119 13 2002 3498571.42857143 3610000 3380000 NA -1.04767487271083
120 14 2002 3251428.57142857 3340000 3190000 NA -1.46492353464565
121 15 2002 3221428.57142857 3290000 3180000 NA -1.45254453995778
122 16 2002 3411428.57142857 3480000 3320000 NA -0.71930045609597
123 17 2002 3432857.14285714 3490000 3320000 NA -0.413648055059265
124 18 2002 3172857.14285714 3280000 3080000 NA -0.651802043261718
125 19 2002 3015714.28571429 3060000 2990000 NA -0.575568675468621
126 20 2002 2984285.71428571 2990000 2980000 NA -0.344639925517315
127 21 2002 2972857.14285714 2980000 2970000 NA -0.143407212149971
128 22 2002 2971428.57142857 2980000 2960000 NA 0.0176968550213674
129 23 2002 2888571.42857143 2950000 2770000 NA 0.0930280436986046
130 24 2002 2590000 2720000 2460000 NA -0.317498213604301
131 25 2002 2317142.85714286 2420000 2210000 NA -0.789489584426714
132 26 2002 2100000 2180000 2030000 NA -0.952185484846559
133 27 2002 1972857.14285714 2020000 1920000 NA -0.830529576880136
134 28 2002 1934285.71428571 1990000 1900000 NA -0.396210829649858
135 29 2002 1961428.57142857 1990000 1930000 NA 0.362776483246649
136 30 2002 1882857.14285714 1920000 1850000 NA 0.458374939676949
137 31 2002 1767142.85714286 1830000 1700000 NA 0.335249127559291
138 32 2002 1612857.14285714 1680000 1550000 NA 0.0732471424002565
139 33 2002 1470000 1530000 1420000 NA -0.326883236764074
140 34 2002 1355714.28571429 1400000 1300000 NA -0.700142718598225
141 35 2002 1250000 1280000 1220000 NA -1.01095120439241
142 36 2002 1192857.14285714 1220000 1170000 NA -1.04174185064454
143 37 2002 1160000 1170000 1150000 NA -1.08029583933349
144 38 2002 1092857.14285714 1130000 1070000 NA -1.34873105098627
145 39 2002 1060000 1060000 1060000 NA -1.54760691296372
146 40 2002 1145714.28571429 1250000 1060000 NA -1.47139330043385
147 41 2002 1395714.28571429 1510000 1280000 NA -1.02869936958163
148 42 2002 1651428.57142857 1750000 1550000 NA -0.559685546064532
149 43 2002 1864285.71428571 1940000 1780000 NA -0.31915193950732
150 44 2002 2002857.14285714 2020000 1970000 NA -0.283227431406967
151 45 2002 2132857.14285714 2240000 2030000 NA -0.0562967570072559
152 46 2002 2382857.14285714 2490000 2280000 NA 0.706735797349279
153 47 2002 2527142.85714286 2550000 2490000 NA 1.07617661822701
154 48 2002 2472857.14285714 2480000 2470000 NA 0.665248505260381
155 49 2002 2527142.85714286 2600000 2470000 NA 0.454286360826914
156 50 2002 2715714.28571429 2850000 2620000 NA 0.847561148605473
157 51 2002 2964285.71428571 3010000 2900000 NA 1.67474918903318
158 52 2002 3107142.85714286 3140000 3040000 NA 1.80858562195508
159 53 2002 3100000 3110000 3090000 NA 0.690961738729496
160 1 2003 3033333.33333333 3080000 3010000 NA -0.157345636524017
161 2 2003 3001428.57142857 3010000 3e+06 NA -0.971506334020301
162 3 2003 3048571.42857143 3090000 3010000 NA -1.11140258698984
163 4 2003 3314285.71428571 3540000 3120000 NA -0.742043119456339
164 5 2003 3822857.14285714 4010000 3620000 NA 0.107128177836276
165 6 2003 4071428.57142857 4080000 4060000 NA 0.338768265962845
166 7 2003 4228571.42857143 4390000 4060000 NA 0.459045092217642
167 8 2003 4528571.42857143 4670000 4410000 NA 0.944608130354695
168 9 2003 4585714.28571429 4730000 4360000 NA 0.762040915704518
169 10 2003 4107142.85714286 4290000 3940000 NA -0.0966390703540066
170 11 2003 3791428.57142857 3900000 3720000 NA -0.652622842273171
171 12 2003 3718571.42857143 3730000 3710000 NA -0.72981393850116
172 13 2003 3670000 3700000 3620000 NA -0.763702263217117
173 14 2003 3561428.57142857 3580000 3550000 NA -0.815469993087206
174 15 2003 3762857.14285714 3930000 3600000 NA -0.131061276621438
175 16 2003 4148571.42857143 4310000 3990000 NA 1.08398722634868
176 17 2003 4372857.14285714 4430000 4350000 NA 1.83687098379917
177 18 2003 4472857.14285714 4500000 4440000 NA 2.61354044678322
178 19 2003 4364285.71428571 4420000 4250000 NA 2.9378303750907
179 20 2003 4057142.85714286 4200000 3930000 NA 2.5274344407226
180 21 2003 3801428.57142857 3890000 3720000 NA 1.9390598155359
181 22 2003 3622857.14285714 3690000 3530000 NA 1.5419859675285
182 23 2003 3398571.42857143 3500000 3290000 NA 1.47343683882533
183 24 2003 3111428.57142857 3250000 2950000 NA 1.49656846725637
184 25 2003 2747142.85714286 2890000 2590000 NA 1.0343561056462
185 26 2003 2402857.14285714 2540000 2270000 NA 0.352634472334808
186 27 2003 2164285.71428571 2230000 2100000 NA -0.00901573574555164
187 28 2003 1960000 2050000 1870000 NA -0.272369651025898
188 29 2003 1801428.57142857 1860000 1750000 NA -0.485781777320453
189 30 2003 1668571.42857143 1740000 1590000 NA -0.765558145324327
190 31 2003 1510000 1570000 1430000 NA -1.16674549957311
191 32 2003 1341428.57142857 1410000 1280000 NA -1.60468385017297
192 33 2003 1250000 1270000 1240000 NA -1.71388536617793
193 34 2003 1245714.28571429 1260000 1220000 NA -1.38459889383727
194 35 2003 1191428.57142857 1210000 1160000 NA -1.36863292493124
195 36 2003 1115714.28571429 1150000 1090000 NA -1.49713185964058
196 37 2003 1087142.85714286 1100000 1080000 NA -1.52886695652799
197 38 2003 1091428.57142857 1100000 1090000 NA -1.35744577081401
198 39 2003 1135714.28571429 1160000 1100000 NA -1.09458747547824
199 40 2003 1197142.85714286 1240000 1160000 NA -1.16583079623788
200 41 2003 1300000 1340000 1260000 NA -1.54327494356208
201 42 2003 1392857.14285714 1430000 1350000 NA -1.64416440326892
202 43 2003 1477142.85714286 1510000 1440000 NA -1.61574187364332
203 44 2003 1545714.28571429 1560000 1520000 NA -1.63358433487226
204 45 2003 1625714.28571429 1690000 1570000 NA -1.80759020308348
205 46 2003 1744285.71428571 1770000 1710000 NA -1.78075161536826
206 47 2003 1827142.85714286 1890000 1780000 NA -1.78059560287911
207 48 2003 2025714.28571429 2120000 1930000 NA -1.58366337306903
208 49 2003 2230000 2310000 2150000 NA -1.14090387937563
209 50 2003 2390000 2450000 2330000 NA -0.91864692235948
210 51 2003 2524285.71428571 2580000 2470000 NA -1.01100479374714
211 52 2003 2662857.14285714 2790000 2590000 NA -1.25321142680461
212 53 2003 2895000 2930000 2860000 NA -0.306140397697956
213 1 2004 3203333.33333333 3390000 3e+06 NA 0.447019611714676
214 2 2004 3578571.42857143 3640000 3460000 NA 0.655201946199738
215 3 2004 3552857.14285714 3590000 3530000 NA 0.00262991620205837
216 4 2004 3497142.85714286 3520000 3470000 NA -0.330570833721704
217 5 2004 3514285.71428571 3580000 3470000 NA -0.619772966016155
218 6 2004 3720000 3800000 3620000 NA -0.476042098884237
219 7 2004 3835714.28571429 3850000 3810000 NA -0.404937115568415
220 8 2004 3868571.42857143 3930000 3840000 NA -0.488590412252429
221 9 2004 3997142.85714286 4030000 3950000 NA -0.310718277701842
222 10 2004 4052857.14285714 4080000 4030000 NA -0.185365411457551
223 11 2004 4140000 4170000 4090000 NA -0.11464995877772
224 12 2004 4070000 4140000 3970000 NA -0.233329667540469
225 13 2004 3841428.57142857 3930000 3780000 NA -0.479729653723405
226 14 2004 3715714.28571429 3760000 3670000 NA -0.492239659039686
227 15 2004 3647142.85714286 3670000 3630000 NA -0.413489098073268
228 16 2004 3631428.57142857 3650000 3600000 NA -0.181109946219077
229 17 2004 3554285.71428571 3580000 3520000 NA -0.122927510525881
230 18 2004 3444285.71428571 3500000 3400000 NA 0.0299727623520609
231 19 2004 3390000 3390000 3390000 NA 0.399548433902714
232 20 2004 3421428.57142857 3460000 3390000 NA 0.825606087890694
233 21 2004 3485714.28571429 3500000 3470000 NA 1.14556806877973
234 22 2004 3498571.42857143 3510000 3480000 NA 1.25116765001069
235 23 2004 3321428.57142857 3460000 3170000 NA 1.26463550847002
236 24 2004 2991428.57142857 3130000 2820000 NA 1.07908462837336
237 25 2004 2640000 2770000 2500000 NA 0.57990950512969
238 26 2004 2318571.42857143 2450000 2210000 NA -0.0104993836732135
239 27 2004 2120000 2190000 2070000 NA -0.199067445261761
240 28 2004 2038571.42857143 2060000 2010000 NA 0.10603395032509
241 29 2004 1980000 2010000 1950000 NA 0.461269852776759
242 30 2004 1884285.71428571 1940000 1820000 NA 0.466534493576957
243 31 2004 1721428.57142857 1790000 1660000 NA 0.0682278605135306
244 32 2004 1582857.14285714 1640000 1520000 NA -0.112208388357837
245 33 2004 1435714.28571429 1490000 1400000 NA -0.543039412776623
246 34 2004 1351428.57142857 1390000 1320000 NA -0.726809842308837
247 35 2004 1310000 1320000 1290000 NA -0.644545539450184
248 36 2004 1297142.85714286 1300000 1290000 NA -0.426122023668409
249 37 2004 1318571.42857143 1340000 1310000 NA -0.103993996027792
250 38 2004 1351428.57142857 1360000 1350000 NA 0.228633237833477
251 39 2004 1402857.14285714 1430000 1370000 NA 0.503801860555441
252 40 2004 1478571.42857143 1510000 1450000 NA 0.506275129501163
253 41 2004 1554285.71428571 1570000 1530000 NA -0.176193567912533
254 42 2004 1601428.57142857 1620000 1580000 NA -0.769391402430021
255 43 2004 1654285.71428571 1680000 1630000 NA -1.02246825064382
256 44 2004 1754285.71428571 1810000 1690000 NA -1.01748399766622
257 45 2004 1868571.42857143 1890000 1830000 NA -0.968942637356835
258 46 2004 1904285.71428571 1920000 1880000 NA -1.15748854998937
259 47 2004 1951428.57142857 1990000 1920000 NA -1.27337277994802
260 48 2004 2012857.14285714 2020000 2e+06 NA -1.64832857084847
261 49 2004 2060000 2110000 2020000 NA -2.05353675718382
262 50 2004 2208571.42857143 2320000 2130000 NA -1.90245580399347
263 51 2004 2547142.85714286 2760000 2370000 NA -0.871485106329979
264 52 2004 3148571.42857143 3440000 2840000 NA 2.09409081299698
265 53 2004 3613333.33333333 3690000 3540000 NA 3.18777034051531
266 1 2005 3891666.66666667 3990000 3770000 NA 2.89410635213213
267 2 2005 4068571.42857143 4120000 4010000 NA 2.03629338212913
268 3 2005 4124285.71428571 4170000 4050000 NA 1.26498969319005
269 4 2005 4045714.28571429 4170000 3990000 NA 0.903846023482198
270 5 2005 4455714.28571429 4660000 4240000 NA 1.59794857934844
271 6 2005 4717142.85714286 4780000 4600000 NA 1.83589950543797
272 7 2005 4420000 4540000 4340000 NA 0.880040058920668
273 8 2005 4794285.71428571 5140000 4450000 NA 1.52161014101471
274 9 2005 5515714.28571429 5730000 5250000 NA 2.45710459266457
275 10 2005 5612857.14285714 5720000 5500000 NA 2.36434944341272
276 11 2005 5357142.85714286 5460000 5260000 NA 1.76384551965722
277 12 2005 4958571.42857143 5190000 4830000 NA 1.02200861106746
278 13 2005 4878571.42857143 4890000 4850000 NA 1.23830463371355
279 14 2005 4744285.71428571 4860000 4550000 NA 1.66262923461044
280 15 2005 4197142.85714286 4450000 3960000 NA 0.928914744629876
281 16 2005 3732857.14285714 3890000 3600000 NA 0.0670168472955941
282 17 2005 3451428.57142857 3560000 3360000 NA -0.369184912954159
283 18 2005 3277142.85714286 3350000 3180000 NA -0.389856986368002
284 19 2005 3082857.14285714 3150000 3020000 NA -0.400643087146283
285 20 2005 2940000 3e+06 2880000 NA -0.463194260208975
286 21 2005 2805714.28571429 2860000 2750000 NA -0.563491078079706
287 22 2005 2685714.28571429 2740000 2630000 NA -0.650851001341408
288 23 2005 2574285.71428571 2610000 2550000 NA -0.75764404293411
289 24 2005 2497142.85714286 2540000 2450000 NA -0.64055118416853
290 25 2005 2342857.14285714 2420000 2270000 NA -0.680422400302753
291 26 2005 2185714.28571429 2250000 2140000 NA -0.582896817719756
292 27 2005 2067142.85714286 2110000 2e+06 NA -0.425903356619819
293 28 2005 1878571.42857143 1970000 1790000 NA -0.664533383335104
294 29 2005 1727142.85714286 1770000 1690000 NA -0.879755255440893
295 30 2005 1635714.28571429 1680000 1580000 NA -0.953227885024523
296 31 2005 1514285.71428571 1570000 1470000 NA -1.14171225578757
297 32 2005 1411428.57142857 1460000 1360000 NA -1.17195427840409
298 33 2005 1332857.14285714 1350000 1320000 NA -1.19150794081427
299 34 2005 1307142.85714286 1320000 1270000 NA -1.00237012065183
300 35 2005 1225714.28571429 1260000 1200000 NA -1.15925825924997
301 36 2005 1181428.57142857 1190000 1180000 NA -1.10920703716247
302 37 2005 1147142.85714286 1170000 1120000 NA -1.15945544825016
303 38 2005 1130000 1150000 1120000 NA -1.1221483354652
304 39 2005 1162857.14285714 1170000 1160000 NA -0.932184280907969
305 40 2005 1268571.42857143 1380000 1170000 NA -0.741438429299039
306 41 2005 1530000 1650000 1410000 NA -0.306757519519512
307 42 2005 1802857.14285714 1910000 1690000 NA 0.0754236189280923
308 43 2005 2050000 2150000 1950000 NA 0.302828471701831
309 44 2005 2240000 2280000 2180000 NA 0.417270212265653
310 45 2005 2154285.71428571 2200000 2110000 NA 0.0177015576156827
311 46 2005 2105714.28571429 2120000 2100000 NA -0.372844869467729
312 47 2005 2137142.85714286 2180000 2120000 NA -0.515453619246396
313 48 2005 2341428.57142857 2490000 2220000 NA 0.00422648351499601
314 49 2005 2670000 2790000 2530000 NA 1.22120474553968
315 50 2005 2800000 2810000 2790000 NA 1.30460621960079
316 51 2005 2797142.85714286 2820000 2780000 NA 0.654511474795205
317 52 2005 2767142.85714286 2780000 2760000 NA -0.534525945906031
318 53 2005 2785000 2790000 2780000 NA -0.841170812366345
319 1 2006 2903333.33333333 3e+06 2810000 NA -0.619507296941842
320 2 2006 3174285.71428571 3300000 3040000 NA -0.484299151083112
321 3 2006 3310000 3320000 3300000 NA -0.533872989017838
322 4 2006 3337142.85714286 3380000 3310000 NA -0.690609083739509
323 5 2006 3470000 3530000 3400000 NA -0.724096741291271
324 6 2006 3550000 3560000 3540000 NA -0.870198332285875
325 7 2006 3530000 3550000 3510000 NA -1.07727236090011
326 8 2006 3772857.14285714 4020000 3540000 NA -0.696435222543939
327 9 2006 4344285.71428571 4550000 4110000 NA 0.32200134365191
328 10 2006 4808571.42857143 5100000 4580000 NA 1.04979865285231
329 11 2006 5508571.42857143 5750000 5220000 NA 1.9975550510118
330 12 2006 5750000 5850000 5570000 NA 2.14010733510088
331 13 2006 5227142.85714286 5480000 4990000 NA 1.81571560635077
332 14 2006 4701428.57142857 4930000 4450000 NA 1.57284303070836
333 15 2006 4121428.57142857 4360000 3900000 NA 0.744116293556455
334 16 2006 3745714.28571429 3850000 3680000 NA 0.0984695394312575
335 17 2006 3637142.85714286 3660000 3610000 NA 0.0754465080968996
336 18 2006 3448571.42857143 3600000 3260000 NA 0.0407376277038581
337 19 2006 3044285.71428571 3200000 2900000 NA -0.501132254905925
338 20 2006 2757142.85714286 2860000 2660000 NA -0.95270893248422
339 21 2006 2552857.14285714 2630000 2480000 NA -1.19900256756315
340 22 2006 2405714.28571429 2460000 2370000 NA -1.30602790057693
341 23 2006 2357142.85714286 2370000 2350000 NA -1.34538112097126
342 24 2006 2362857.14285714 2390000 2350000 NA -1.10773548006141
343 25 2006 2335714.28571429 2390000 2270000 NA -0.710718840337186
344 26 2006 2230000 2280000 2130000 NA -0.392097673037576
345 27 2006 2065714.28571429 2100000 2040000 NA -0.432034056926793
346 28 2006 1967142.85714286 2020000 1890000 NA -0.237969323630355
347 29 2006 1814285.71428571 1870000 1770000 NA -0.417594059953453
348 30 2006 1730000 1760000 1690000 NA -0.414697327623962
349 31 2006 1634285.71428571 1680000 1600000 NA -0.44078142979245
350 32 2006 1581428.57142857 1600000 1550000 NA -0.121039604108224
351 33 2006 1491428.57142857 1530000 1440000 NA -0.191785626756232
352 34 2006 1380000 1430000 1340000 NA -0.549029017571423
353 35 2006 1321428.57142857 1340000 1310000 NA -0.574753984223095
354 36 2006 1334285.71428571 1340000 1330000 NA -0.206860167485129
355 37 2006 1294285.71428571 1310000 1280000 NA -0.253517701759294
356 38 2006 1267142.85714286 1270000 1260000 NA -0.285535232002795
357 39 2006 1240000 1260000 1230000 NA -0.470617306866159
358 40 2006 1312857.14285714 1410000 1230000 NA -0.478315161796955
359 41 2006 1570000 1690000 1450000 NA -0.0917110109903698
360 42 2006 1847142.85714286 1960000 1730000 NA 0.261163091708953
361 43 2006 2094285.71428571 2190000 1990000 NA 0.451146877451705
362 44 2006 2285714.28571429 2320000 2220000 NA 0.552305902612183
363 45 2006 2267142.85714286 2300000 2250000 NA 0.407426014629828
364 46 2006 2252857.14285714 2260000 2240000 NA 0.200334556728929
365 47 2006 2301428.57142857 2350000 2260000 NA 0.155013330605038
366 48 2006 2438571.42857143 2500000 2370000 NA 0.492807977848542
367 49 2006 2567142.85714286 2610000 2520000 NA 0.669023508546488
368 50 2006 2640000 2650000 2620000 NA 0.436995237372391
369 51 2006 2695714.28571429 2750000 2660000 NA 0.0353928618815593
370 52 2006 2811428.57142857 2870000 2760000 NA -0.229330741688829
371 53 2006 2900000 2910000 2890000 NA -0.281820833394848
372 1 2007 2993333.33333333 3070000 2930000 NA -0.299549224344887
373 2 2007 3224285.71428571 3330000 3100000 NA -0.343371453539296
374 3 2007 3470000 3620000 3340000 NA -0.1804122514612
375 4 2007 3767142.85714286 3880000 3660000 NA 0.276993713183342
376 5 2007 3980000 4010000 3920000 NA 0.477309315909273
377 6 2007 4031428.57142857 4050000 4010000 NA 0.246025622809519
378 7 2007 3992857.14285714 4020000 3930000 NA -0.0593442324539927
379 8 2007 4002857.14285714 4200000 3900000 NA -0.196987245574789
380 9 2007 4697142.85714286 5100000 4290000 NA 0.965136102805722
381 10 2007 5294285.71428571 5330000 5200000 NA 1.84366591535771
382 11 2007 4991428.57142857 5280000 4690000 NA 1.19941495336691
383 12 2007 4355714.28571429 4600000 4120000 NA 0.170316081208059
384 13 2007 3870000 4050000 3710000 NA -0.432400885474453
385 14 2007 3554285.71428571 3660000 3450000 NA -0.830434360404221
386 15 2007 3331428.57142857 3420000 3250000 NA -1.18406377141715
387 16 2007 3181428.57142857 3220000 3160000 NA -1.28195417096727
388 17 2007 3120000 3150000 3090000 NA -1.16268098744528
389 18 2007 3025714.28571429 3080000 2980000 NA -1.0213957536734
390 19 2007 2960000 2970000 2950000 NA -0.720719695565882
391 20 2007 2960000 2970000 2950000 NA -0.40965359292887
392 21 2007 2990000 3e+06 2980000 NA -0.100321687439228
393 22 2007 3014285.71428571 3030000 2990000 NA 0.117979033475784
394 23 2007 2848571.42857143 2950000 2790000 NA -0.0152393127819226
395 24 2007 2708571.42857143 2790000 2600000 NA 0.0950155795777138
396 25 2007 2465714.28571429 2580000 2350000 NA -0.159323631710492
397 26 2007 2171428.57142857 2300000 2070000 NA -0.644444928907558
398 27 2007 2010000 2060000 1930000 NA -0.671131368898799
399 28 2007 1865714.28571429 1910000 1830000 NA -0.726453972647085
400 29 2007 1764285.71428571 1820000 1720000 NA -0.682768516380672
401 30 2007 1678571.42857143 1710000 1660000 NA -0.708441268024268
402 31 2007 1687142.85714286 1710000 1650000 NA -0.13203808977079
403 32 2007 1580000 1640000 1520000 NA -0.129870819858609
404 33 2007 1471428.57142857 1500000 1460000 NA -0.317876729430218
405 34 2007 1411428.57142857 1450000 1380000 NA -0.353470110360269
406 35 2007 1348571.42857143 1370000 1340000 NA -0.408999040558755
407 36 2007 1307142.85714286 1330000 1280000 NA -0.367089985465218
408 37 2007 1265714.28571429 1280000 1260000 NA -0.429427943796357
409 38 2007 1275714.28571429 1280000 1260000 NA -0.233246913036394
410 39 2007 1260000 1280000 1230000 NA -0.350951795077542
411 40 2007 1301428.57142857 1400000 1220000 NA -0.546217940507171
412 41 2007 1567142.85714286 1690000 1440000 NA -0.107071475885309
413 42 2007 1847142.85714286 1960000 1730000 NA 0.261163091708953
414 43 2007 2062857.14285714 2120000 1990000 NA 0.345888654016311
415 44 2007 2158571.42857143 2180000 2130000 NA 0.176737888835898
416 45 2007 2167142.85714286 2180000 2150000 NA 0.0621005463894471
417 46 2007 2167142.85714286 2170000 2160000 NA -0.133556371152619
418 47 2007 2161428.57142857 2170000 2160000 NA -0.416341113616185
419 48 2007 2177142.85714286 2190000 2160000 NA -0.822051043666735
420 49 2007 2208571.42857143 2230000 2190000 NA -1.25594163708255
421 50 2007 2278571.42857143 2310000 2240000 NA -1.52287599926854
422 51 2007 2401428.57142857 2490000 2330000 NA -1.76092311361437
423 52 2007 2638571.42857143 2750000 2520000 NA -1.42057653879469
424 53 2007 2790000 2810000 2770000 NA -0.816851248063237
425 1 2008 2920000 2980000 2840000 NA -0.560255802016481
426 2 2008 3121428.57142857 3270000 3e+06 NA -0.633279859915144
427 3 2008 3440000 3550000 3320000 NA -0.24668613975307
428 4 2008 3612857.14285714 3640000 3580000 NA -0.0701860279052567
429 5 2008 3700000 3860000 3590000 NA -0.182286166475339
430 6 2008 4015714.28571429 4120000 3900000 NA 0.209591012999284
431 7 2008 4111428.57142857 4160000 4040000 NA 0.201421306623254
432 8 2008 4050000 4110000 4020000 NA -0.0946159211028515
433 9 2008 4287142.85714286 4400000 4160000 NA 0.217849965651292
434 10 2008 4372857.14285714 4390000 4330000 NA 0.33765302031071
435 11 2008 4114285.71428571 4280000 4030000 NA -0.154336482970007
436 12 2008 4084285.71428571 4130000 4050000 NA -0.213147380103043
437 13 2008 4235714.28571429 4290000 4160000 NA 0.173407348112132
438 14 2008 4120000 4210000 4040000 NA 0.354743531103351
439 15 2008 3831428.57142857 4e+06 3670000 NA 0.0363033583129797
440 16 2008 3490000 3620000 3360000 NA -0.527089559711366
441 17 2008 3224285.71428571 3320000 3120000 NA -0.913003343316607
442 18 2008 3047142.85714286 3090000 3010000 NA -0.967571426914415
443 19 2008 3011428.57142857 3030000 3e+06 NA -0.586734138553027
444 20 2008 3087142.85714286 3140000 3040000 NA -0.0692879223624885
445 21 2008 3192857.14285714 3230000 3150000 NA 0.409523688304553
446 22 2008 3268571.42857143 3290000 3240000 NA 0.712986625638655
447 23 2008 3148571.42857143 3270000 3030000 NA 0.796765860822032
448 24 2008 2965714.28571429 3040000 2860000 NA 0.989623805755578
449 25 2008 2715714.28571429 2820000 2610000 NA 0.901051769494688
450 26 2008 2485714.28571429 2570000 2410000 NA 0.709613517224051
451 27 2008 2294285.71428571 2370000 2230000 NA 0.54887799218913
452 28 2008 2108571.42857143 2210000 2010000 NA 0.443157158801426
453 29 2008 1920000 1980000 1850000 NA 0.143060505064096
454 30 2008 1752857.14285714 1820000 1700000 NA -0.284144465223825
455 31 2008 1651428.57142857 1690000 1620000 NA -0.34064845465029
456 32 2008 1575714.28571429 1610000 1560000 NA -0.156364467109765
457 33 2008 1504285.71428571 1550000 1460000 NA -0.110727060751525
458 34 2008 1414285.71428571 1440000 1390000 NA -0.335692027886527
459 35 2008 1387142.85714286 1390000 1380000 NA -0.173452541667327
460 36 2008 1400000 1410000 1390000 NA 0.181064654992979
461 37 2008 1451428.57142857 1480000 1420000 NA 0.713988629444545
462 38 2008 1534285.71428571 1580000 1480000 NA 1.34411737578336
463 39 2008 1612857.14285714 1650000 1590000 NA 1.76028973433592
464 40 2008 1692857.14285714 1720000 1660000 NA 1.7794522303177
465 41 2008 1758571.42857143 1780000 1730000 NA 0.922079672075588
466 42 2008 1817142.85714286 1840000 1790000 NA 0.13533957788966
467 43 2008 1871428.57142857 1890000 1850000 NA -0.295229615999276
468 44 2008 1920000 1950000 1900000 NA -0.527979620160051
469 45 2008 2028571.42857143 2090000 1970000 NA -0.416421888172224
470 46 2008 2161428.57142857 2210000 2110000 NA -0.155815766344723
471 47 2008 2291428.57142857 2340000 2230000 NA 0.114202298874951
472 48 2008 2388571.42857143 2420000 2360000 NA 0.241332208706276
473 49 2008 2454285.71428571 2500000 2420000 NA 0.0631579846234032
474 50 2008 2591428.57142857 2660000 2520000 NA 0.173613332053056
475 51 2008 2762857.14285714 2820000 2690000 NA 0.445231943669464
476 52 2008 2877142.85714286 2920000 2840000 NA 0.223539561343152
477 53 2008 2953333.33333333 2980000 2930000 NA -0.0224121474950218
478 1 2009 3071666.66666667 3160000 3e+06 NA -0.0210671981956857
479 2 2009 3287142.85714286 3370000 3200000 NA -0.166205205198499
480 3 2009 3472857.14285714 3560000 3400000 NA -0.174100452576261
481 4 2009 3768571.42857143 3910000 3610000 NA 0.280208340415643
482 5 2009 4058571.42857143 4120000 3950000 NA 0.662399884945772
483 6 2009 4048571.42857143 4090000 4020000 NA 0.28577246987523
484 7 2009 4041428.57142857 4060000 4030000 NA 0.0474753859631929
485 8 2009 4064285.71428571 4100000 3980000 NA -0.0635943076265072
486 9 2009 3820000 3930000 3720000 NA -0.633587549503756
487 10 2009 3762857.14285714 3780000 3730000 NA -0.659350865247538
488 11 2009 3860000 3960000 3780000 NA -0.546792111093738
489 12 2009 3978571.42857143 4e+06 3960000 NA -0.362496307139999
490 13 2009 3970000 4e+06 3930000 NA -0.266750196603121
491 14 2009 3917142.85714286 3930000 3900000 NA -0.0702445006998687
492 15 2009 4221428.57142857 4460000 3990000 NA 0.988189719502483
493 16 2009 4652857.14285714 4750000 4530000 NA 2.31763170678078
494 17 2009 4497142.85714286 4750000 4210000 NA 2.13443201173334
495 18 2009 3974285.71428571 4150000 3820000 NA 1.36122777752423
496 19 2009 3708571.42857143 3790000 3650000 NA 1.22951452317679
497 20 2009 3604285.71428571 3630000 3580000 NA 1.31512076016594
498 21 2009 3547142.85714286 3570000 3520000 NA 1.29995786565989
499 22 2009 3490000 3510000 3470000 NA 1.23111121431981
500 23 2009 3324285.71428571 3470000 3180000 NA 1.27236889107578
501 24 2009 3008571.42857143 3140000 2910000 NA 1.13872517678522
502 25 2009 2762857.14285714 2870000 2670000 NA 1.10100827372195
503 26 2009 2610000 2650000 2590000 NA 1.24508208455791
504 27 2009 2492857.14285714 2600000 2410000 NA 1.40104533485859
505 28 2009 2310000 2390000 2220000 NA 1.41324639135578
506 29 2009 2135714.28571429 2190000 2080000 NA 1.28709887422153
507 30 2009 2034285.71428571 2050000 2010000 NA 1.32328765307785
508 31 2009 1955714.28571429 1990000 1880000 NA 1.43671185412305
509 32 2009 1787142.85714286 1850000 1720000 NA 1.15065546394728
510 33 2009 1675714.28571429 1700000 1670000 NA 0.970053819311217
511 34 2009 1648571.42857143 1670000 1640000 NA 1.12211073496026
512 35 2009 1631428.57142857 1640000 1620000 NA 1.31834195131172
513 36 2009 1607142.85714286 1650000 1560000 NA 1.4038711606305
514 37 2009 1522857.14285714 1540000 1510000 NA 1.1537642345372
515 38 2009 1500000 1510000 1490000 NA 1.13496409991775
516 39 2009 1490000 1510000 1460000 NA 1.02520159049156
517 40 2009 1471428.57142857 1510000 1440000 NA 0.463835892807278
518 41 2009 1575714.28571429 1630000 1530000 NA -0.0609900812004925
519 42 2009 1695714.28571429 1750000 1640000 NA -0.37394607328367
520 43 2009 1837142.85714286 1910000 1760000 NA -0.410056768837888
521 44 2009 2001428.57142857 2040000 1940000 NA -0.287447296730297
522 45 2009 2157142.85714286 2280000 2050000 NA 0.027567999565409
523 46 2009 2422857.14285714 2510000 2330000 NA 0.862551563694002
524 47 2009 2558571.42857143 2590000 2520000 NA 1.20443986080729
525 48 2009 2504285.71428571 2510000 2500000 NA 0.823318988721234
526 49 2009 2544285.71428571 2570000 2510000 NA 0.546316566992444
527 50 2009 2622857.14285714 2670000 2580000 NA 0.344036917847919
528 51 2009 2737142.85714286 2780000 2690000 NA 0.288272295325161
529 52 2009 2824285.71428571 2850000 2790000 NA -0.140725682399964
530 53 2009 2885000 2900000 2870000 NA -0.354779526304173
531 1 2010 3038333.33333333 3210000 2920000 NA -0.139570188046409
532 2 2010 3505714.28571429 3710000 3290000 NA 0.449850158350179
533 3 2010 3872857.14285714 3940000 3760000 NA 0.709551391315334
534 4 2010 3898571.42857143 3910000 3890000 NA 0.57273941855511
535 5 2010 3872857.14285714 3900000 3830000 NA 0.224913085404957
536 6 2010 3912857.14285714 3940000 3860000 NA -0.028890069394985
537 7 2010 4045714.28571429 4130000 3950000 NA 0.0569006464117687
538 8 2010 4101428.57142857 4130000 4060000 NA 0.0170618874119893
539 9 2010 3990000 4040000 3940000 NA -0.323737199951919
540 10 2010 4040000 4180000 3950000 NA -0.206379544876812
541 11 2010 4474285.71428571 4710000 4260000 NA 0.401274855722017
542 12 2010 4970000 5070000 4800000 NA 1.0381544410174
543 13 2010 4937142.85714286 5040000 4840000 NA 1.3353286086239
544 14 2010 4545714.28571429 4780000 4330000 NA 1.24661982319743
545 15 2010 4105714.28571429 4270000 3950000 NA 0.705761898050652
546 16 2010 3792857.14285714 3900000 3700000 NA 0.213796077262019
547 17 2010 3574285.71428571 3660000 3470000 NA -0.0750441267203824
548 18 2010 3348571.42857143 3450000 3230000 NA -0.21044256383806
549 19 2010 3101428.57142857 3200000 3010000 NA -0.35225941378053
550 20 2010 2910000 2980000 2840000 NA -0.543505261129133
551 21 2010 2760000 2820000 2700000 NA -0.678385810641685
552 22 2010 2642857.14285714 2690000 2610000 NA -0.751133179795826
553 23 2010 2645714.28571429 2670000 2600000 NA -0.56430947779031
554 24 2010 2545714.28571429 2580000 2520000 NA -0.471569630334933
555 25 2010 2468571.42857143 2510000 2420000 NA -0.147205055696719
556 26 2010 2391428.57142857 2420000 2340000 NA 0.303395983384568
557 27 2010 2215714.28571429 2300000 2140000 NA 0.211689475305533
558 28 2010 2070000 2120000 2030000 NA 0.257395390865485
559 29 2010 1981428.57142857 2010000 1950000 NA 0.468846265817537
560 30 2010 1862857.14285714 1930000 1790000 NA 0.34414118507683
561 31 2010 1715714.28571429 1770000 1630000 NA 0.0348502021328107
562 32 2010 1557142.85714286 1600000 1520000 NA -0.271170271864776
563 33 2010 1475714.28571429 1510000 1460000 NA -0.29085720742865
564 34 2010 1477142.85714286 1480000 1470000 NA 0.0554257865357816
565 35 2010 1468571.42857143 1470000 1460000 NA 0.32381228932569
566 36 2010 1441428.57142857 1460000 1430000 NA 0.425625956120482
567 37 2010 1494285.71428571 1510000 1480000 NA 0.977853992500139
568 38 2010 1457142.85714286 1470000 1450000 NA 0.87352250508575
569 39 2010 1440000 1450000 1430000 NA 0.726037811020016
570 40 2010 1522857.14285714 1620000 1440000 NA 0.769398397003247
571 41 2010 1760000 1870000 1650000 NA 0.929759904523057
572 42 2010 2018571.42857143 2120000 1910000 NA 0.980154599247773
573 43 2010 2257142.85714286 2350000 2160000 NA 0.996575853435114
574 44 2010 2455714.28571429 2500000 2380000 NA 1.05446987608834
575 45 2010 2471428.57142857 2510000 2410000 NA 1.11287661403518
576 46 2010 2347142.85714286 2400000 2310000 NA 0.567614577398634
577 47 2010 2318571.42857143 2340000 2310000 NA 0.224975099285189
578 48 2010 2354285.71428571 2400000 2340000 NA 0.0688916812944352
579 49 2010 2464285.71428571 2490000 2420000 NA 0.116842271553297
580 50 2010 2535714.28571429 2550000 2510000 NA -0.128501206401474
581 51 2010 2605714.28571429 2660000 2570000 NA -0.513965907323507
582 52 2010 2711428.57142857 2740000 2680000 NA -0.91848120282445
583 53 2010 2750000 2750000 2750000 NA -1.01140776248811
584 1 2011 2766666.66666667 2790000 2750000 NA -1.10536955532981
585 2 2011 2830000 2860000 2800000 NA -1.45468701131338
586 3 2011 2928571.42857143 2980000 2880000 NA -1.37649814015732
587 4 2011 3051428.57142857 3110000 3e+06 NA -1.33353453019988
588 5 2011 3474285.71428571 3910000 3140000 NA -0.714000892071099
589 6 2011 4570000 5020000 4090000 NA 1.49473906812395
590 7 2011 5241428.57142857 5340000 5150000 NA 2.68654831156425
591 8 2011 5025714.28571429 5110000 4950000 NA 2.02416027933149
592 9 2011 4767142.85714286 4920000 4570000 NA 1.09272154085648
593 10 2011 4320000 4490000 4180000 NA 0.251261582920417
594 11 2011 4011428.57142857 4130000 3900000 NA -0.313082579739157
595 12 2011 3770000 3860000 3690000 NA -0.657157703726425
596 13 2011 3584285.71428571 3650000 3560000 NA -0.905688567963973
597 14 2011 3618571.42857143 3640000 3580000 NA -0.695755054551087
598 15 2011 3621428.57142857 3630000 3610000 NA -0.476250836173675
599 16 2011 3608571.42857143 3610000 3600000 NA -0.237025843349144
600 17 2011 3592857.14285714 3620000 3550000 NA -0.0305809846152764
601 18 2011 3375714.28571429 3540000 3180000 NA -0.142265083276682
602 19 2011 2987142.85714286 3120000 2870000 NA -0.650005096031319
603 20 2011 2752857.14285714 2840000 2680000 NA -0.964181932615672
604 21 2011 2592857.14285714 2650000 2540000 NA -1.09846967657142
605 22 2011 2490000 2520000 2460000 NA -1.10880628294991
606 23 2011 2548571.42857143 2570000 2520000 NA -0.827244486385877
607 24 2011 2567142.85714286 2600000 2550000 NA -0.397018944820111
608 25 2011 2675714.28571429 2690000 2640000 NA 0.731391705301859
609 26 2011 2724285.71428571 2750000 2700000 NA 1.73746697406032
610 27 2011 2652857.14285714 2690000 2590000 NA 2.08768376923974
611 28 2011 2450000 2570000 2320000 NA 2.08749280830845
612 29 2011 2231428.57142857 2290000 2190000 NA 1.79471854795363
613 30 2011 2127142.85714286 2180000 2080000 NA 1.8536586565784
614 31 2011 2021428.57142857 2060000 1970000 NA 1.82055492550134
615 32 2011 1904285.71428571 1940000 1880000 NA 1.87481515547888
616 33 2011 1881428.57142857 1900000 1870000 NA 2.26699087538651
617 34 2011 1891428.57142857 1900000 1870000 NA 2.63324774522828
618 35 2011 1804285.71428571 1860000 1750000 NA 2.37393922412146
619 36 2011 1707142.85714286 1730000 1690000 NA 1.9941915426624
620 37 2011 1614285.71428571 1670000 1570000 NA 1.7166770090558
621 38 2011 1550000 1570000 1530000 NA 1.43997929388842
622 39 2011 1525714.28571429 1540000 1500000 NA 1.2388900043998
623 40 2011 1587142.85714286 1700000 1490000 NA 1.15135152724821
624 41 2011 1868571.42857143 1990000 1740000 NA 1.51345757053073
625 42 2011 2144285.71428571 2250000 2030000 NA 1.50741503810957
626 43 2011 2368571.42857143 2450000 2280000 NA 1.3697641001606
627 44 2011 2535714.28571429 2560000 2480000 NA 1.29078233419476
628 45 2011 2554285.71428571 2560000 2550000 NA 1.39900343057721
629 46 2011 2560000 2560000 2560000 NA 1.39677704830448
630 47 2011 2568571.42857143 2580000 2550000 NA 1.24525089253737
631 48 2011 2578571.42857143 2580000 2570000 NA 1.19694013144689
632 49 2011 2580000 2600000 2570000 NA 0.738046163170636
633 50 2011 2628571.42857143 2640000 2610000 NA 0.375023024356077
634 51 2011 2668571.42857143 2750000 2630000 NA -0.130286766926319
635 52 2011 2860000 2930000 2780000 NA 0.10539948229133
636 53 2011 2990000 3010000 2970000 NA 0.155931324061107
637 1 2012 3103333.33333333 3130000 3050000 NA 0.0915106421625035
638 2 2012 3087142.85714286 3100000 3070000 NA -0.72991599537376
639 3 2012 3098571.42857143 3110000 3080000 NA -1.0009461065034
640 4 2012 3101428.57142857 3110000 3090000 NA -1.22102257706931
641 5 2012 3121428.57142857 3130000 3100000 NA -1.54522581119865
642 6 2012 3142857.14285714 3170000 3130000 NA -1.81418595009652
643 7 2012 3221428.57142857 3260000 3190000 NA -1.75589111319753
644 8 2012 3354285.71428571 3430000 3280000 NA -1.60536849740084
645 9 2012 3505714.28571429 3520000 3460000 NA -1.20642012850715
646 10 2012 3451428.57142857 3510000 3400000 NA -1.16835987473629
647 11 2012 3344285.71428571 3400000 3290000 NA -1.34272740183906
648 12 2012 3282857.14285714 3310000 3270000 NA -1.34537370534267
649 13 2012 3444285.71428571 3640000 3340000 NA -1.13759953238384
650 14 2012 4087142.85714286 4420000 3760000 NA 0.285907441445083
651 15 2012 4702857.14285714 4810000 4520000 NA 2.16322892727121
652 16 2012 4450000 4650000 4320000 NA 1.82137811975144
653 17 2012 4261428.57142857 4310000 4190000 NA 1.57009213116853
654 18 2012 4060000 4170000 3930000 NA 1.57652508456016
655 19 2012 3741428.57142857 3880000 3620000 NA 1.31511640682389
656 20 2012 3524285.71428571 3590000 3470000 NA 1.10095809104552
657 21 2012 3430000 3460000 3400000 NA 1.00554011346982
658 22 2012 3382857.14285714 3400000 3360000 NA 0.980405768183765
659 23 2012 3235714.28571429 3330000 3120000 NA 1.03263403029747
660 24 2012 2962857.14285714 3080000 2840000 NA 0.979683714353601
661 25 2012 2670000 2790000 2570000 NA 0.707154553274311
662 26 2012 2458571.42857143 2540000 2390000 NA 0.59267210596723
663 27 2012 2292857.14285714 2380000 2200000 NA 0.542747291882156
664 28 2012 2100000 2170000 2030000 NA 0.401876765926772
665 29 2012 1982857.14285714 2010000 1970000 NA 0.476422678858315
666 30 2012 1954285.71428571 1980000 1920000 NA 0.866352634677373
667 31 2012 1870000 1900000 1850000 NA 0.936046978412253
668 32 2012 1827142.85714286 1850000 1790000 NA 1.39792950495807
669 33 2012 1725714.28571429 1770000 1690000 NA 1.28528157599618
670 34 2012 1628571.42857143 1670000 1590000 NA 0.997664157644074
671 35 2012 1541428.57142857 1580000 1500000 NA 0.768733453898388
672 36 2012 1470000 1490000 1440000 NA 0.594288922415313
673 37 2012 1371428.57142857 1420000 1330000 NA 0.221439951740772
674 38 2012 1310000 1330000 1300000 NA -0.0240936371707918
675 39 2012 1322857.14285714 1350000 1300000 NA 0.0251398134009711
676 40 2012 1398571.42857143 1490000 1340000 NA 0.0309556785296576
677 41 2012 1617142.85714286 1720000 1520000 NA 0.161736659776119
678 42 2012 1842857.14285714 1930000 1750000 NA 0.243188304020483
679 43 2012 1990000 2030000 1940000 NA 0.101880954234259
680 44 2012 2082857.14285714 2120000 2050000 NA -0.0469149733005409
681 45 2012 2157142.85714286 2180000 2140000 NA 0.027567999565409
682 46 2012 2250000 2310000 2190000 NA 0.189204859132878
683 47 2012 2367142.85714286 2420000 2320000 NA 0.423200110545613
684 48 2012 2442857.14285714 2470000 2430000 NA 0.514363043775021
685 49 2012 2512857.14285714 2550000 2480000 NA 0.377594522355637
686 50 2012 2590000 2620000 2550000 NA 0.165866805426017
687 51 2012 2655714.28571429 2720000 2620000 NA -0.20876659109847
688 52 2012 2767142.85714286 2820000 2730000 NA -0.534525945906031
689 53 2012 2856666.66666667 2870000 2840000 NA -0.492590390688456
690 1 2013 2963333.33333333 3070000 2880000 NA -0.406201915210538
691 2 2013 3211428.57142857 3320000 3100000 NA -0.379610004336277
692 3 2013 3394285.71428571 3420000 3340000 NA -0.34767492191211
693 4 2013 3441428.57142857 3460000 3430000 NA -0.455941295781476
694 5 2013 3601428.57142857 3800000 3490000 NA -0.41449069853931
695 6 2013 4107142.85714286 4300000 3890000 NA 0.421574197349744
696 7 2013 4407142.85714286 4450000 4340000 NA 0.851764277574943
697 8 2013 4472857.14285714 4590000 4400000 NA 0.823623837796951
698 9 2013 4640000 4660000 4620000 NA 0.860984724805105
699 10 2013 4452857.14285714 4600000 4300000 NA 0.468407628252775
700 11 2013 4224285.71428571 4270000 4190000 NA 0.0154336482970007
701 12 2013 4194285.71428571 4220000 4170000 NA -0.0577437668348596
702 13 2013 4081428.57142857 4180000 3980000 NA -0.0821680004322081
703 14 2013 3884285.71428571 3960000 3830000 NA -0.139080590358137
704 15 2013 3812857.14285714 3820000 3810000 NA -0.00902456364842528
705 16 2013 3738571.42857143 3800000 3660000 NA 0.0809958215781113
706 17 2013 3554285.71428571 3630000 3460000 NA -0.122927510525881
707 18 2013 3374285.71428571 3430000 3320000 NA -0.145853371727282
708 19 2013 3264285.71428571 3300000 3240000 NA 0.0720281834268448
709 20 2013 3240000 3250000 3230000 NA 0.339915748992599
710 21 2013 3252857.14285714 3260000 3250000 NA 0.560323024792151
711 22 2013 3247142.85714286 3260000 3190000 NA 0.662845536411447
712 23 2013 2978571.42857143 3130000 2850000 NA 0.336629595779791
713 24 2013 2717142.85714286 2810000 2620000 NA 0.124835853783643
714 25 2013 2477142.85714286 2590000 2360000 NA -0.110849327655398
715 26 2013 2260000 2330000 2200000 NA -0.262846639543195
716 27 2013 2132857.14285714 2190000 2080000 NA -0.143891142498991
717 28 2013 1971428.57142857 2050000 1900000 NA -0.217329127193028
718 29 2013 1831428.57142857 1880000 1770000 NA -0.326677103464121
719 30 2013 1707142.85714286 1750000 1670000 NA -0.545250190024099
720 31 2013 1608571.42857143 1660000 1540000 NA -0.59098089250569
721 32 2013 1450000 1510000 1410000 NA -0.933511453143681
722 33 2013 1400000 1400000 1400000 NA -0.768202096123028
723 34 2013 1372857.14285714 1400000 1340000 NA -0.593474223755776
724 35 2013 1307142.85714286 1330000 1290000 NA -0.661993428256957
725 36 2013 1260000 1280000 1240000 NA -0.645383879851687
726 37 2013 1218571.42857143 1230000 1210000 NA -0.719679843157508
727 38 2013 1214285.71428571 1220000 1210000 NA -0.607979865628931
728 39 2013 1215714.28571429 1230000 1210000 NA -0.615925428323766
729 40 2013 1270000 1300000 1240000 NA -0.732950581960263
730 41 2013 1331428.57142857 1360000 1310000 NA -1.37430982971776
731 42 2013 1398571.42857143 1420000 1370000 NA -1.62019801968429
732 43 2013 1455714.28571429 1480000 1430000 NA -1.68750884416745
733 44 2013 1521428.57142857 1570000 1490000 NA -1.70532204536885
734 45 2013 1660000 1720000 1600000 NA -1.68919289968677
735 46 2013 1817142.85714286 1880000 1740000 NA -1.49694432666895
736 47 2013 1970000 2050000 1900000 NA -1.19758086387786
737 48 2013 2214285.71428571 2340000 2090000 NA -0.63524047230391
738 49 2013 2534285.71428571 2690000 2390000 NA 0.492632280062551
739 50 2013 2877142.85714286 2980000 2750000 NA 1.72291865746091
740 51 2013 3044285.71428571 3070000 3e+06 NA 2.16306809499324
741 52 2013 3048571.42857143 3060000 3040000 NA 1.40494035186136
742 53 2013 3065000 3070000 3060000 NA 0.520724788607736
743 1 2014 3276666.66666667 3480000 3090000 NA 0.707726189386269
744 2 2014 3825714.28571429 4060000 3560000 NA 1.3517874226306
745 3 2014 4218571.42857143 4250000 4120000 NA 1.47327905639307
746 4 2014 4117142.85714286 4220000 4020000 NA 1.06457738509729
747 5 2014 4012857.14285714 4020000 4010000 NA 0.554710826597263
748 6 2014 4057142.85714286 4090000 4030000 NA 0.305645893408086
749 7 2014 4048571.42857143 4090000 3980000 NA 0.0631841533774852
750 8 2014 3928571.42857143 3970000 3850000 NA -0.358299635651781
751 9 2014 3718571.42857143 3810000 3640000 NA -0.818456245454852
752 10 2014 3591428.57142857 3630000 3560000 NA -0.939539310837677
753 11 2014 3527142.85714286 3550000 3490000 NA -1.0605121186939
754 12 2014 3468571.42857143 3480000 3460000 NA -1.08300396865612
755 13 2014 3480000 3490000 3470000 NA -1.07843857207265
756 14 2014 3438571.42857143 3460000 3410000 NA -1.07285711093986
757 15 2014 3290000 3400000 3210000 NA -1.28517990502336
758 16 2014 3248571.42857143 3270000 3210000 NA -1.1177012231477
759 17 2014 3265714.28571429 3270000 3250000 NA -0.813816334005216
760 18 2014 3192857.14285714 3240000 3140000 NA -0.601566004953334
761 19 2014 3108571.42857143 3120000 3100000 NA -0.333650308639855
762 20 2014 3115714.28571429 3130000 3100000 NA 0.00719874518051871
763 21 2014 3135714.28571429 3140000 3130000 NA 0.26590527260208
764 22 2014 3125714.28571429 3140000 3090000 NA 0.378712697457267
765 23 2014 2994285.71428571 3060000 2930000 NA 0.379163200111426
766 24 2014 2754285.71428571 2880000 2660000 NA 0.254057042009333
767 25 2014 2555714.28571429 2630000 2450000 NA 0.222411512723373
768 26 2014 2305714.28571429 2410000 2230000 NA -0.0658926837422332
769 27 2014 2138571.42857143 2210000 2070000 NA -0.119368341271092
770 28 2014 2e+06 2060000 1920000 NA -0.0797278176108498
771 29 2014 1867142.85714286 1910000 1830000 NA -0.137266777444679
772 30 2014 1812857.14285714 1820000 1800000 NA 0.0585567985765319
773 31 2014 1777142.85714286 1810000 1740000 NA 0.393660029725551
774 32 2014 1674285.71428571 1720000 1630000 NA 0.452989419666829
775 33 2014 1550000 1610000 1490000 NA 0.177481173931872
776 34 2014 1452857.14285714 1480000 1440000 NA -0.0956879144910185
777 35 2014 1455714.28571429 1480000 1430000 NA 0.245296789695213
778 36 2014 1398571.42857143 1430000 1360000 NA 0.172631506678238
779 37 2014 1322857.14285714 1350000 1300000 NA -0.0776074597222321
780 38 2014 1285714.28571429 1290000 1280000 NA -0.17224387424226
781 39 2014 1304285.71428571 1330000 1290000 NA -0.085978161831317
782 40 2014 1421428.57142857 1510000 1340000 NA 0.166761235950087
783 41 2014 1637142.85714286 1730000 1540000 NA 0.26925991404069
784 42 2014 1850000 1940000 1760000 NA 0.273146283501267
785 43 2014 2060000 2150000 1970000 NA 0.336319724613093
786 44 2014 2247142.85714286 2280000 2180000 NA 0.438369538882298
787 45 2014 2284285.71428571 2330000 2260000 NA 0.466624666328178
788 46 2014 2338571.42857143 2350000 2330000 NA 0.534225484610479
789 47 2014 2391428.57142857 2450000 2340000 NA 0.522312616175825
790 48 2014 2507142.85714286 2550000 2460000 NA 0.837689032672222
791 49 2014 2590000 2610000 2560000 NA 0.79173045010053
792 50 2014 2647142.85714286 2690000 2610000 NA 0.475727870507588
793 51 2014 2771428.57142857 2830000 2710000 NA 0.497551826450899
794 52 2014 2940000 3040000 2860000 NA 0.656719851199827
795 53 2014 3125000 3150000 3100000 NA 0.812559560245039
796 1 2015 3325000 3440000 3210000 NA 0.879555524669819
797 2 2015 3607142.85714286 3710000 3490000 NA 0.735732059081919
798 3 2015 3907142.85714286 4120000 3740000 NA 0.785292977934615
799 4 2015 4301428.57142857 4420000 4170000 NA 1.47926429806423
800 5 2015 4318571.42857143 4430000 4160000 NA 1.27488140430291
801 6 2015 4080000 4150000 4040000 NA 0.358641689495701
802 7 2015 4322857.14285714 4440000 4200000 NA 0.666400822086297
803 8 2015 4475714.28571429 4520000 4390000 NA 0.82982816049222
804 9 2015 4181428.57142857 4330000 4040000 NA 0.0251699163501492
805 10 2015 4030000 4220000 3950000 NA -0.22272387086957
806 11 2015 4754285.71428571 5050000 4390000 NA 0.833417008038036
807 12 2015 5378571.42857143 5510000 5150000 NA 1.61536786172779
808 13 2015 4950000 5330000 4620000 NA 1.35662655433593
809 14 2015 4285714.28571429 4520000 4070000 NA 0.701916852858093
810 15 2015 3857142.85714286 4010000 3700000 NA 0.0990650964133869
811 16 2015 3540000 3650000 3440000 NA -0.404773534739344
812 17 2015 3315714.28571429 3410000 3230000 NA -0.69410787449147
813 18 2015 3204285.71428571 3210000 3200000 NA -0.572859697348544
814 19 2015 3252857.14285714 3290000 3220000 NA 0.042253615201766
815 20 2015 3295714.28571429 3310000 3280000 NA 0.489064750701463
816 21 2015 3240000 3270000 3210000 NA 0.528008881259095
817 22 2015 3168571.42857143 3200000 3130000 NA 0.478994875911683
818 23 2015 3071428.57142857 3110000 2990000 NA 0.587964530466729
819 24 2015 2902857.14285714 2960000 2860000 NA 0.770941794912099
820 25 2015 2787142.85714286 2840000 2710000 NA 1.20401616983902
821 26 2015 2612857.14285714 2680000 2540000 NA 1.25739170679547
822 27 2015 2438571.42857143 2530000 2340000 NA 1.16807872319356
823 28 2015 2230000 2320000 2140000 NA 1.02796272452568
824 29 2015 2074285.71428571 2120000 2010000 NA 0.961313113468087
825 30 2015 1924285.71428571 1990000 1870000 NA 0.695002002777195
826 31 2015 1821428.57142857 1860000 1770000 NA 0.652336882176132
827 32 2015 1734285.71428571 1750000 1720000 NA 0.823900481183016
828 33 2015 1717142.85714286 1730000 1690000 NA 1.23124253199305
829 34 2015 1641428.57142857 1680000 1590000 NA 1.07766552877591
830 35 2015 1518571.42857143 1570000 1470000 NA 0.629150343444209
831 36 2015 1417142.85714286 1450000 1380000 NA 0.282262434769877
832 37 2015 1378571.42857143 1390000 1370000 NA 0.265417512250038
833 38 2015 1367142.85714286 1380000 1350000 NA 0.324495155938544
834 39 2015 1364285.71428571 1370000 1360000 NA 0.273018373534536
835 40 2015 1398571.42857143 1440000 1360000 NA 0.0309556785296576
836 41 2015 1502857.14285714 1550000 1460000 NA -0.45268193602143
837 42 2015 1600000 1640000 1560000 NA -0.775382998326177
838 43 2015 1687142.85714286 1720000 1650000 NA -0.912425562506817
839 44 2015 1768571.42857143 1820000 1730000 NA -0.975285344432929
840 45 2015 1877142.85714286 1890000 1850000 NA -0.939343311507659
841 46 2015 1927142.85714286 1970000 1900000 NA -1.06845096922096
842 47 2015 2041428.57142857 2090000 1990000 NA -0.906073494377233
843 48 2015 2161428.57142857 2200000 2110000 NA -0.901086285397162
844 49 2015 2268571.42857143 2340000 2210000 NA -0.933835915503188
845 50 2015 2442857.14285714 2520000 2370000 NA -0.632025437159028
846 51 2015 2642857.14285714 2740000 2550000 NA -0.287246415270625
847 52 2015 2815714.28571429 2860000 2770000 NA -0.199795721925872
848 53 2015 2890000 2900000 2880000 NA -0.330459962001065
849 1 2016 3123333.33333333 3280000 2950000 NA 0.162612436072938
850 2 2016 3475714.28571429 3630000 3330000 NA 0.36529353982389
851 3 2016 3654285.71428571 3690000 3610000 NA 0.226698776617427
852 4 2016 3552857.14285714 3600000 3520000 NA -0.205200371661934
853 5 2016 3461428.57142857 3510000 3410000 NA -0.744288439731617
854 6 2016 3428571.42857143 3530000 3390000 NA -1.15173849900133
855 7 2016 3850000 4070000 3610000 NA -0.373519580739832
856 8 2016 4311428.57142857 4410000 4140000 NA 0.473079605514257
857 9 2016 4322857.14285714 4370000 4310000 NA 0.282944576901677
858 10 2016 4327142.85714286 4330000 4320000 NA 0.262936101486673
859 11 2016 4284285.71428571 4350000 4190000 NA 0.108035538079005
860 12 2016 4170000 4180000 4160000 NA -0.0920536554784843
861 13 2016 4107142.85714286 4150000 4060000 NA -0.0395721090081509
862 14 2016 3864285.71428571 4020000 3740000 NA -0.180980818845779
863 15 2016 3597142.85714286 3710000 3490000 NA -0.535525811046281
864 16 2016 3397142.85714286 3460000 3340000 NA -0.754247891802262
865 17 2016 3284285.71428571 3320000 3230000 NA -0.769353191900111
866 18 2016 3142857.14285714 3220000 3040000 NA -0.727156100724293
867 19 2016 2932857.14285714 3010000 2860000 NA -0.791434295100445
868 20 2016 2758571.42857143 2830000 2690000 NA -0.94888459910707
869 21 2016 2612857.14285714 2670000 2560000 NA -1.04820323107556
870 22 2016 2497142.85714286 2540000 2450000 NA -1.09209258654084
871 23 2016 2394285.71428571 2430000 2360000 NA -1.24484714709648
872 24 2016 2278571.42857143 2340000 2220000 NA -1.40096817641971
873 25 2016 2131428.57142857 2200000 2080000 NA -1.57719702532199
874 26 2016 2005714.28571429 2070000 1940000 NA -1.35840301868604
875 27 2016 1832857.14285714 1920000 1760000 NA -1.43133820696364
876 28 2016 1677142.85714286 1740000 1610000 NA -1.63462261588946
877 29 2016 1547142.85714286 1590000 1530000 NA -1.83438329857888
878 30 2016 1535714.28571429 1540000 1520000 NA -1.52439665802512
879 31 2016 1507142.85714286 1520000 1500000 NA -1.18343432876347
880 32 2016 1495714.28571429 1510000 1470000 NA -0.650912549131348
881 33 2016 1461428.57142857 1470000 1440000 NA -0.380922280767212
882 34 2016 1412857.14285714 1430000 1400000 NA -0.344581069123397
883 35 2016 1350000 1400000 1280000 NA -0.400275096155369
884 36 2016 1202857.14285714 1260000 1150000 NA -0.982709812441346
885 37 2016 1130000 1150000 1100000 NA -1.2650015934724
886 38 2016 1060000 1090000 1030000 NA -1.54916960702414
887 39 2016 1041428.57142857 1060000 1030000 NA -1.658724888196
888 40 2016 1122857.14285714 1210000 1060000 NA -1.60719885785428
889 41 2016 1354285.71428571 1460000 1250000 NA -1.25142611055824
890 42 2016 1607142.85714286 1710000 1500000 NA -0.745425018845393
891 43 2016 1850000 1950000 1750000 NA -0.366996586523408
892 44 2016 2064285.71428571 2120000 1980000 NA -0.101773222503819
893 45 2016 2112857.14285714 2140000 2080000 NA -0.125361850655332
894 46 2016 2107142.85714286 2130000 2080000 NA -0.367280020669703
895 47 2016 2148571.42857143 2170000 2130000 NA -0.468812440126297
896 48 2016 2237142.85714286 2280000 2190000 NA -0.520280120696015
897 49 2016 2372857.14285714 2430000 2300000 NA -0.373985494662872
898 50 2016 2537142.85714286 2630000 2450000 NA -0.120754679774435
899 51 2016 2737142.85714286 2820000 2660000 NA 0.288272295325161
900 52 2016 2865714.28571429 2880000 2850000 NA 0.144779508641938
901 53 2016 2846666.66666667 2850000 2840000 NA -0.541229519294673
902 1 2017 2826666.66666667 2830000 2820000 NA -0.892064173598509
903 2 2017 2834285.71428571 2860000 2810000 NA -1.44260749438106
904 3 2017 2907142.85714286 2970000 2860000 NA -1.42383663179437
905 4 2017 3048571.42857143 3100000 2990000 NA -1.33996378466448
906 5 2017 3155714.28571429 3190000 3120000 NA -1.46445901743726
907 6 2017 3335714.28571429 3550000 3210000 NA -1.36703392060727
908 7 2017 3847142.85714286 4040000 3630000 NA -0.379803087705548
909 8 2017 4165714.28571429 4220000 4080000 NA 0.156659148055541
910 9 2017 4045714.28571429 4110000 4e+06 NA -0.222189606401317
911 10 2017 3961428.57142857 3990000 3950000 NA -0.334799249105626
912 11 2017 3991428.57142857 4100000 3940000 NA -0.343949876333158
913 12 2017 4274285.71428571 4390000 4140000 NA 0.0552770428147291
914 13 2017 4541428.57142857 4610000 4430000 NA 0.67982516837592
915 14 2017 4527142.85714286 4610000 4430000 NA 1.20771246817319
916 15 2017 4241428.57142857 4400000 4070000 NA 1.03700440469169
917 16 2017 3960000 4030000 3920000 NA 0.622681075025633
918 17 2017 3918571.42857143 3920000 3910000 NA 0.749234123074272
919 18 2017 3668571.42857143 3870000 3460000 NA 0.593334049096079
920 19 2017 3217142.85714286 3390000 3060000 NA -0.0507919105016051
921 20 2017 2894285.71428571 3010000 2790000 NA -0.585572928277787
922 21 2017 2675714.28571429 2760000 2600000 NA -0.890222973802834
923 22 2017 2528571.42857143 2580000 2500000 NA -1.01855232234094
924 23 2017 2534285.71428571 2560000 2510000 NA -0.865911399414637
925 24 2017 2534285.71428571 2550000 2530000 NA -0.511329995942839
926 25 2017 2531428.57142857 2540000 2500000 NA 0.119403616606297
927 26 2017 2390000 2470000 2310000 NA 0.297241172265788
928 27 2017 2234285.71428571 2290000 2170000 NA 0.2913885792962
929 28 2017 2115714.28571429 2150000 2080000 NA 0.477557486196971
930 29 2017 2031428.57142857 2070000 2e+06 NA 0.734020722244756
931 30 2017 1967142.85714286 1990000 1950000 NA 0.939788619777449
932 31 2017 1895714.28571429 1940000 1810000 NA 1.08624644112549
933 32 2017 1740000 1780000 1700000 NA 0.859225344184558
934 33 2017 1625714.28571429 1680000 1590000 NA 0.65482606262625
935 34 2017 1577142.85714286 1590000 1570000 NA 0.677658673116729
936 35 2017 1614285.71428571 1650000 1590000 NA 1.21365461847109
937 36 2017 1655714.28571429 1680000 1630000 NA 1.69059820333171
938 37 2017 1611428.57142857 1620000 1590000 NA 1.69908598485209
939 38 2017 1548571.42857143 1590000 1510000 NA 1.43126457406069
940 39 2017 1524285.71428571 1540000 1510000 NA 1.23034246784348
941 40 2017 1667142.85714286 1800000 1550000 0 1.62667097821971
942 41 2017 1977142.85714286 2110000 1840000 0 2.0971552365384
943 42 2017 2294285.71428571 2430000 2160000 0 2.13653260720604
944 43 2017 2582857.14285714 2690000 2470000 0 2.08743380540193
945 44 2017 2785714.28571429 2820000 2730000 2 2.02925876577735
946 45 2017 2732857.14285714 2770000 2710000 0 2.01565605243503
947 46 2017 2708571.42857143 2710000 2700000 2 1.97552132329917
948 47 2017 2722857.14285714 2740000 2700000 3 1.87490681065872
949 48 2017 2747142.85714286 2760000 2730000 4 2.0447727245551
950 49 2017 2727142.85714286 2740000 2710000 1 1.52797209942478
951 50 2017 2707142.85714286 2710000 2700000 3 0.801081988843237
952 51 2017 2722857.14285714 2730000 2720000 1 0.201072490689434
953 52 2017 2745714.28571429 2760000 2730000 6 -0.682201044720807
954 53 2017 2775000 2780000 2770000 NA -0.889809940972563
955 1 2018 2908333.33333333 3090000 2800000 2 -0.601731848464234
956 2 2018 3648571.42857143 4060000 3220000 7 0.85250072276108
957 3 2018 4537142.85714286 4760000 4200000 4 2.17704463206388
958 4 2018 4700000 4760000 4660000 11 2.37614529587644
959 5 2018 4701428.57142857 4730000 4660000 17 2.17677726797167
960 6 2018 4567142.85714286 4630000 4450000 22 1.488114593613
961 7 2018 4210000 4380000 4070000 39 0.418202296940484
962 8 2018 3960000 4030000 3910000 59 -0.290052086003823
963 9 2018 3845714.28571429 3890000 3800000 108 -0.586719429403478
964 10 2018 4088571.42857143 4380000 3800000 90 -0.126992818626272
965 11 2018 4681428.57142857 4900000 4460000 126 0.720971856159888
966 12 2018 4911428.57142857 5020000 4760000 0 0.955407062523949
967 13 2018 4700000 4700000 4700000 0 0.942499832157603
